422,3
422,2
422,1
422,0
421,3
421,2
0,464
421,1
421,0
420,3
420,2
420,1
420,0
419,3
419,2
419,1
419,0
418,3
418,2
418,1
418,0
417,3
417,2
417,1
417,0
416,3
416,2
416,1
416,0
415,3
415,2
415,1
415,0
414,3
414,2
414,1
414,0
413,3
413,2
413,1
413,0
412,3
412,2
412,1
412,0
411,3
411,2
411,1
411,0
410,3
410,2
410,1
410,0
409,3
409,2
409,1
409,0
408,3
408,2
408,1
408,0
407,3
407,2
407,1
407,0
406,2
405,2
4,2
3,6
3,5
3,4
3,3
3,2
3,1
3,0
2,2
1,2
0,386
0,377
0,373
0,364
0,360
0,358
0,354
0,352
0,348
0,346
0,342
0,336
0,334
0,332
0,331
0,328
0,326
0,324
0,322
0,321
0,463
0,408
405,1
0,320
405,3
0,319
0,317
0,316
405,0
4,1
4,3
0,314
4,0
406,1
406,3
0,313
406,0
1,1
1,3
1,0
2,1
2,3
0,243
2,0
0,9
0,310
0,305
0,308
0,304
0,303
0,302
0,307
0,12
0,10
0,8
0,0
0,436
0,300
0,435
0,299
0,433
0,298
0,432
0,297
0,434
0,296
0,431
0,295
0,430
0,294
0,429
0,293
0,427
0,292
0,426
0,291
0,428
0,290
0,425
0,289
0,424
0,288
0,423
0,287
0,422
0,286
0,421
0,285
0,420
0,284
0,418
0,283
0,417
0,282
0,419
0,281
0,416
0,280
0,415
0,279
0,414
0,278
0,412
0,277
0,411
0,276
0,413
0,275
0,410
0,274
0,409
0,273
0,407
0,272
0,405
0,271
0,404
0,270
0,406
0,269
0,403
0,268
0,402
0,267
0,401
0,266
0,399
0,265
0,398
0,264
0,400
0,263
0,437
0,262
0,397
0,261
0,396
0,260
0,395
0,259
0,394
0,258
0,393
0,257
0,392
0,256
0,391
0,255
0,390
0,254
0,389
0,253
0,388
0,252
0,387
0,251
0,448
0,250
0,385
0,249
0,384
0,248
0,383
0,247
0,382
0,246
0,381
0,245
0,380
0,244
0,379
0,242
0,378
0,241
0,447
0,240
0,376
0,239
0,375
0,238
0,374
0,237
0,372
0,236
0,371
0,235
0,445
0,234
0,369
0,233
0,368
0,232
0,370
0,231
0,367
0,230
0,366
0,229
0,365
0,228
0,363
0,227
0,362
0,226
0,457
0,225
0,361
0,224
0,452
0,223
0,359
0,222
0,357
0,221
0,356
0,220
0,455
0,219
0,355
0,218
0,456
0,217
0,353
0,216
0,351
0,215
0,350
0,214
0,454
0,213
0,349
0,212
0,451
0,211
0,347
0,210
0,345
0,209
0,344
0,208
0,450
0,207
0,343
0,206
0,446
0,205
0,341
0,204
0,339
0,203
0,338
0,202
0,340
0,201
0,337
0,200
0,444
0,199
0,335
0,198
0,333
0,197
0,462
0,196
0,458
0,195
0,329
0,194
0,443
0,193
0,327
0,192
0,325
0,63
0,460
0,62
0,453
0,61
0,323
0,60
0,442
0,59
0,449
0,58
0,318
0,57
0,461
0,56
0,440
0,55
0,330
0,54
0,441
0,53
0,311
0,52
0,315
0,51
0,459
0,50
0,439
0,49
0,312
0,48
0,438
0,47
0,309
0,46
0,306
0,45
0,301
0,6
0,5
0,1
0,11
0,4
0,2
0,3
0,7
